-2.62087 -2.69267 -1.08149
0.86677 3.87189 2.56521
-1.69662 -3.40642 -0.771701
-1.18664 -3.40409 -0.531229
1.22876 -1.13325 1.16457
-1.13221 0.940992 0.945996
4.12689 1.40991 3.57582
4.23894 2.58167 3.93077
3.33424 4.49277 4.09981
-1.37554 -1.71947 -0.390415
-0.950953 3.7938 1.5487
2.35781 1.37845 2.54486
2.51525 3.98368 3.50178
-4.70118 -3.04014 -2.43907
4.33381 -0.286079 3.12859
1.07309 -1.80469 0.904204
0.70183 -4.33152 0.0340751
-4.52017 2.63748 -0.402469
2.8535 2.17355 2.92914
3.24108 -1.13998 2.23421
0.449033 -0.436751 0.91881
-3.79302 -4.46491 -2.34711
-3.22203 1.09985 -0.287466
1.00251 -3.02019 0.482375
-3.75071 -4.83045 -2.3221
-0.728998 -0.523788 0.42989
4.48596 -4.21679 2.00661
1.46762 3.77893 2.95109
-2.64788 -0.70902 -0.577068
1.33438 2.68273 2.57558
3.82123 -2.67093 2.14326
2.33905 3.40251 3.22442
4.22668 4.06645 4.4745
-1.1606 -4.0161 -0.840062
1.57969 3.97192 2.91882
1.9222 -2.09124 1.28251
3.90358 -4.58342 1.51004
3.36389 2.9142 3.56093
2.02261 2.76251 2.60088
1.32051 1.23446 2.06493
0.589339 3.93351 2.48162
-1.68742 3.57817 1.11512
4.23102 2.17428 3.89224
4.42295 2.12314 3.86977
-2.21636 3.44663 1.03167
-4.55313 -1.13765 -1.88601
-3.30694 -2.78476 -1.42044
-1.08823 -1.74873 -0.0120639
-1.52211 1.59048 0.508935
0.447665 -0.564317 1.0389
3.32783 4.24225 4.01434
-0.0310639 -0.901817 0.607207
2.42966 1.71492 2.62637
3.70284 0.415085 3.08284
0.939318 -2.59953 0.659907
3.52242 -2.40347 2.16565
2.04063 -1.43265 1.61178
0.350078 3.50428 2.08133
4.14459 -4.60323 1.9097
2.69496 -3.72094 1.36001
2.31856 1.34292 2.50097
1.03282 -1.51777 1.07516
-0.62314 3.54476 1.72863
1.24089 -3.91398 0.472743
-3.48457 -4.84204 -2.41448
-0.191692 0.879165 1.11578
-1.8237 3.77803 1.18921
-0.114852 0.783386 1.12215
3.05648 -2.0276 2.01896
4.70144 4.81972 4.88278
0.240474 -1.24643 0.977316
3.59126 -2.96086 1.88851
-0.0999215 -1.92076 0.443722
-0.901755 3.80754 1.66427
0.610728 3.4191 2.29948
2.35727 -1.75624 1.59897
3.91558 -2.23304 2.38509
2.60614 -3.20808 1.46697
-0.023746 -1.00466 0.797908
-1.58939 -0.0548012 0.269958
-4.78407 0.262228 -1.35849
-4.6909 -1.51114 -1.86411
-2.83627 4.37836 1.13864
-4.84718 -3.24096 -2.45121
0.262262 0.301143 1.13312
0.571534 3.14937 2.20476
-1.26527 2.95004 1.32588
0.0438441 4.07923 2.30265
-1.24635 -2.04769 -0.250383
-0.576741 -2.60991 -0.091038
-2.28121 4.8554 1.35665
-2.38614 2.5282 0.536755
1.61368 4.18032 2.91143
3.32376 -3.91007 1.14955
-0.817743 -1.91628 -0.0197595
4.58008 -2.10564 2.73161
-3.73577 4.6229 0.554225
0.142054 2.29703 1.79897
4.88187 -1.73065 2.93269
4.67619 -2.8408 2.41019
-3.49668 -1.4935 -6.15568
-0.713373 1.88425 9.54399
-3.05117 -2.9027 9.9847
-3.79492 -3.51232 -7.96166
1.05913 2.70583 1.49055
-4.00612 -1.1983 6.65893
2.68478 4.54399 -0.461242
0.382786 -3.91863 -3.87993
-1.28595 -0.162112 6.38585
-2.89579 4.66762 0.395027
3.50956 -3.96167 -5.99843
6.23069e-05 -2.47194 1.14859
-2.01112 -1.56815 2.06852
-1.22909 0.728676 1.2026
3.83937 -0.379588 -0.552518
-2.02497 -2.73399 -4.85099
0.834451 -4.47949 0.799915
2.21353 1.66748 4.45832
0.112896 -0.394863 8.73521
-2.21923 -3.16723 -7.23202
